SM:2021-12-07T11:36:14.8741568Z
LM:2021-12-07T13:40:24.0147183Z
CT:image/jpeg
MA:2592000
CL:19059
