SM:2021-12-07T11:36:16.6921180Z
LM:2021-12-07T11:36:26.6553690Z
CT:image/jpeg
MA:2592000
CL:28823
