SM:2021-12-07T11:36:16.6671321Z
LM:2021-12-07T11:36:26.8494930Z
CT:image/jpeg
MA:2592000
CL:23649
