SM:2021-12-07T11:36:16.7031120Z
LM:2021-12-07T13:40:24.1120002Z
CT:image/jpeg
MA:2592000
CL:10874
