SM:2021-12-07T11:36:16.6591370Z
LM:2021-12-07T11:36:26.6426852Z
CT:image/jpeg
MA:2592000
CL:17182
