SM:2021-12-07T11:36:16.6591370Z
LM:2021-12-07T13:40:23.8027359Z
CT:image/jpeg
MA:2592000
CL:4693
