SM:2021-12-07T11:36:14.7892048Z
LM:2021-12-07T13:40:23.7984016Z
CT:image/jpeg
MA:2592000
CL:21519
