SM:2021-12-07T11:36:16.6921180Z
LM:2021-12-07T11:36:26.8282875Z
CT:image/jpeg
MA:2592000
CL:27726
