SM:2021-12-07T11:36:14.9141331Z
LM:2021-12-07T11:36:26.6736615Z
CT:image/jpeg
MA:2592000
CL:9939
