SM:2021-12-07T11:36:16.6791272Z
LM:2021-12-07T13:40:23.7943392Z
CT:image/jpeg
MA:2592000
CL:3937
