SM:2021-12-07T11:36:15.8226146Z
LM:2021-12-07T13:40:23.8066362Z
CT:image/jpeg
MA:2592000
CL:5203
