SM:2021-12-07T11:36:16.7031120Z
LM:2021-12-07T11:36:26.6780664Z
CT:image/jpeg
MA:2592000
CL:10874
