SM:2021-12-07T11:36:16.7121070Z
LM:2021-12-07T13:40:24.2636984Z
CT:image/jpeg
MA:2592000
CL:15889
