SM:2021-12-07T11:36:16.7310954Z
LM:2021-12-07T11:36:26.8634974Z
CT:image/jpeg
MA:2592000
CL:14519
