SM:2021-12-07T11:36:15.8855802Z
LM:2021-12-07T11:36:26.6803548Z
CT:image/jpeg
MA:2592000
CL:28928
