SM:2021-12-07T11:36:14.9141331Z
LM:2021-12-07T13:40:24.0244132Z
CT:image/jpeg
MA:2592000
CL:18574
