SM:2021-12-07T11:36:16.6921180Z
LM:2021-12-07T13:40:24.4175584Z
CT:image/jpeg
MA:2592000
CL:7004
