SM:2021-12-07T11:36:14.7892048Z
LM:2021-12-07T11:36:26.6296944Z
CT:image/jpeg
MA:2592000
CL:11817
