SM:2021-12-07T11:36:15.8855802Z
LM:2021-12-07T13:40:23.7988144Z
CT:image/jpeg
MA:2592000
CL:6526
