SM:2021-12-07T11:36:15.8226146Z
LM:2021-12-07T11:36:26.6596130Z
CT:image/jpeg
MA:2592000
CL:18603
