SM:2021-12-07T11:36:15.8226146Z
LM:2021-12-07T11:36:26.9564916Z
CT:image/jpeg
MA:2592000
CL:19832
