SM:2021-12-07T11:36:14.8711575Z
LM:2021-12-07T13:40:23.8014421Z
CT:image/jpeg
MA:2592000
CL:11545
