SM:2021-12-07T11:36:15.8855802Z
LM:2021-12-07T11:36:26.9049118Z
CT:image/jpeg
MA:2592000
CL:29317
